# R6 Class Representing PosteriorBVARPANEL

The class PosteriorBVARPANEL contains posterior output and the
specification including the last MCMC draw for the Bayesian Panel VAR
model. Note that due to the thinning of the MCMC output the starting
value in element `last_draw` might not be equal to the last draw
provided in element `posterior`.

## See also

[`specify_bvarPANEL`](http://bsvars.org/bpvars/reference/specify_bvarPANEL.md)

## Public fields

- `last_draw`:

  an object of class BVARPANEL with the last draw of the current MCMC
  run as the starting value to be passed to the continuation of the MCMC
  estimation using
  [`estimate()`](https://bsvars.org/bsvars/reference/estimate.html).

- `posterior`:

  a list containing Bayesian estimation output.

## Methods

### Public methods

- [`specify_posterior_bvarPANEL$new()`](#method-PosteriorBVARPANEL-new)

- [`specify_posterior_bvarPANEL$get_posterior()`](#method-PosteriorBVARPANEL-get_posterior)

- [`specify_posterior_bvarPANEL$get_last_draw()`](#method-PosteriorBVARPANEL-get_last_draw)

- [`specify_posterior_bvarPANEL$clone()`](#method-PosteriorBVARPANEL-clone)

------------------------------------------------------------------------

### Method `new()`

Create a new posterior output PosteriorBVARPANEL.

#### Usage

    specify_posterior_bvarPANEL$new(specification_bvarPANEL, posterior_bvarPANEL)

#### Arguments

- `specification_bvarPANEL`:

  an object of class BVARPANEL with the last draw of the current MCMC
  run as the starting value.

- `posterior_bvarPANEL`:

  a list containing Bayesian estimation output.

#### Returns

A posterior output PosteriorBVARPANEL.

------------------------------------------------------------------------

### Method `get_posterior()`

Returns a list containing Bayesian estimation output.

#### Usage

    specify_posterior_bvarPANEL$get_posterior()

#### Examples

    specification = specify_bvarPANEL$new(
       data = ilo_dynamic_panel
    )
    posterior       = estimate(specification, 5)
    posterior$get_posterior()

------------------------------------------------------------------------

### Method `get_last_draw()`

Returns an object of class BVARPANEL with the last draw of the current
MCMC run as the starting value to be passed to the continuation of the
MCMC estimation using
[`estimate()`](https://bsvars.org/bsvars/reference/estimate.html).

#### Usage

    specify_posterior_bvarPANEL$get_last_draw()

#### Examples

    specification = specify_bvarPANEL$new(
       data = ilo_dynamic_panel
    )
    burn_in        = estimate(specification, 5)
    posterior      = estimate(burn_in, 5)

------------------------------------------------------------------------

### Method `clone()`

The objects of this class are cloneable with this method.

#### Usage

    specify_posterior_bvarPANEL$clone(deep = FALSE)

#### Arguments

- `deep`:

  Whether to make a deep clone.

## Examples

``` r
specification = specify_bvarPANEL$new(
   data = ilo_dynamic_panel
)
posterior       = estimate(specification, 5)
#> **************************************************|
#> bpvars: Forecasting with Bayesian Panel VARs      |
#> **************************************************|
#>  Progress of the MCMC simulation for 5 draws
#>     Every draw is saved via MCMC thinning
#>  Press Esc to interrupt the computations
#> **************************************************|
class(posterior)
#> [1] "PosteriorBVARPANEL" "R6"                


## ------------------------------------------------
## Method `specify_posterior_bvarPANEL$get_posterior`
## ------------------------------------------------

specification = specify_bvarPANEL$new(
   data = ilo_dynamic_panel
)
posterior       = estimate(specification, 5)
#> **************************************************|
#> bpvars: Forecasting with Bayesian Panel VARs      |
#> **************************************************|
#>  Progress of the MCMC simulation for 5 draws
#>     Every draw is saved via MCMC thinning
#>  Press Esc to interrupt the computations
#> **************************************************|
posterior$get_posterior()
#> $A_c_cpp
#>      [,1]        
#> [1,] numeric,3780
#> [2,] numeric,3780
#> [3,] numeric,3780
#> [4,] numeric,3780
#> [5,] numeric,3780
#> 
#> $Sigma_c_cpp
#>      [,1]        
#> [1,] numeric,3024
#> [2,] numeric,3024
#> [3,] numeric,3024
#> [4,] numeric,3024
#> [5,] numeric,3024
#> 
#> $A
#> , , 1
#> 
#>             [,1]         [,2]         [,3]          [,4]
#> [1,] 0.004137819  0.006030574 -0.002967996 -0.0027506101
#> [2,] 0.004896513 -0.002885021  0.007034333  0.0010974457
#> [3,] 0.011170926  0.017079396 -0.003130645 -0.0069317126
#> [4,] 0.006924194  0.003370525  0.005119268  0.0006211194
#> [5,] 0.037053880  0.001635275  0.028179240  0.0432108197
#> 
#> , , 2
#> 
#>            [,1]         [,2]       [,3]       [,4]
#> [1,]  0.2965689 -0.004115674 0.25838621 0.20362174
#> [2,]  0.1096596  0.231436907 0.06650076 0.20765908
#> [3,]  0.1682832  0.061478299 0.39960271 0.43905155
#> [4,]  0.1068660  0.038755268 0.46530395 0.54925477
#> [5,] -0.1452285 -0.104203845 0.11878283 0.09087829
#> 
#> , , 3
#> 
#>             [,1]        [,2]        [,3]      [,4]
#> [1,]  0.85548045  0.07607858  0.28544955 0.2290042
#> [2,]  0.11059473  0.53402703 -0.02981713 0.2856047
#> [3,]  0.13541310 -0.04411520  0.41698341 0.3785051
#> [4,] -0.08550582  0.06680306  0.41213996 0.5079617
#> [5,]  0.10787977 -0.16879884  0.48683199 0.3120853
#> 
#> , , 4
#> 
#>             [,1]        [,2]       [,3]      [,4]
#> [1,]  0.93206734 -0.02318365 0.36428057 0.2644623
#> [2,]  0.09665859  0.46941199 0.07748722 0.3606373
#> [3,]  0.13383175 -0.08362117 0.42059354 0.3519288
#> [4,] -0.10750587  0.12393577 0.32572279 0.4551339
#> [5,]  0.21063894  0.03360284 0.72945387 0.6255423
#> 
#> , , 5
#> 
#>             [,1]        [,2]      [,3]      [,4]
#> [1,]  0.95494545 -0.03619707 0.4040943 0.3015535
#> [2,]  0.09885004  0.37649770 0.1659562 0.3833469
#> [3,]  0.13838235 -0.09200275 0.4710678 0.3796598
#> [4,] -0.12620377  0.16099231 0.2739255 0.4415851
#> [5,]  0.27831900 -0.09852622 1.2959257 1.0864484
#> 
#> 
#> $V
#> , , 1
#> 
#>               [,1]          [,2]          [,3]          [,4]          [,5]
#> [1,]  0.0486301489  0.0009319369  0.0003859975 -0.0002303123 -0.0049960263
#> [2,]  0.0009319369  0.0481362696 -0.0024706707  0.0002831257 -0.0007729848
#> [3,]  0.0003859975 -0.0024706707  0.0496450515 -0.0002243948  0.0012897935
#> [4,] -0.0002303123  0.0002831257 -0.0002243948  0.0506254867  0.0061886439
#> [5,] -0.0049960263 -0.0007729848  0.0012897935  0.0061886439  0.4376647623
#> 
#> , , 2
#> 
#>              [,1]        [,2]        [,3]         [,4]        [,5]
#> [1,]  1.950809364 -0.11691819 -0.03591439 -0.003106045 -0.02869029
#> [2,] -0.116918192  1.82678248 -0.14013093 -0.033322196 -0.09857367
#> [3,] -0.035914388 -0.14013093  1.72806297 -0.016138448 -0.49843682
#> [4,] -0.003106045 -0.03332220 -0.01613845  1.631014333  0.26358810
#> [5,] -0.028690286 -0.09857367 -0.49843682  0.263588105 16.54383885
#> 
#> , , 3
#> 
#>             [,1]        [,2]        [,3]       [,4]        [,5]
#> [1,]  0.61041345 -0.04531015 -0.11439186 -0.1020825 -0.61297116
#> [2,] -0.04531015  0.55529508  0.40059699 -0.3970053  0.01783690
#> [3,] -0.11439186  0.40059699  0.85448121 -0.7343550 -0.09577903
#> [4,] -0.10208246 -0.39700528 -0.73435501  0.7881658  0.02919480
#> [5,] -0.61297116  0.01783690 -0.09577903  0.0291948 18.97434271
#> 
#> , , 4
#> 
#>             [,1]       [,2]        [,3]        [,4]        [,5]
#> [1,]  0.89605706 -0.1131551 -0.20438755 -0.02317424 -0.60406287
#> [2,] -0.11315507  1.2121226  1.05181743 -1.04726113  0.33345000
#> [3,] -0.20438755  1.0518174  2.08909871 -1.69446500 -0.07112541
#> [4,] -0.02317424 -1.0472611 -1.69446500  1.98072207 -0.14095535
#> [5,] -0.60406287  0.3334500 -0.07112541 -0.14095535 22.49358155
#> 
#> , , 5
#> 
#>            [,1]       [,2]       [,3]       [,4]       [,5]
#> [1,]  1.0521136 -0.2169998 -0.4369814  0.0700200 -0.7885743
#> [2,] -0.2169998  1.6652380  1.9588470 -1.8966306  0.4447685
#> [3,] -0.4369814  1.9588470  3.5825357 -3.2924591  0.1005110
#> [4,]  0.0700200 -1.8966306 -3.2924591  3.3052501 -0.2794634
#> [5,] -0.7885743  0.4447685  0.1005110 -0.2794634 24.5043869
#> 
#> 
#> $Sigma
#> , , 1
#> 
#>           [,1]       [,2]       [,3]      [,4]
#> [1,] 13.122788   6.755346   3.007534 -1.377062
#> [2,]  6.755346  17.993751 -10.304154 -4.081962
#> [3,]  3.007534 -10.304154  12.678544  3.067975
#> [4,] -1.377062  -4.081962   3.067975 21.315201
#> 
#> , , 2
#> 
#>           [,1]      [,2]      [,3]      [,4]
#> [1,] 11.060729  3.169484  8.075722  7.591202
#> [2,]  3.169484 17.584586 -6.965111  2.690339
#> [3,]  8.075722 -6.965111 32.324350 27.863522
#> [4,]  7.591202  2.690339 27.863522 32.755349
#> 
#> , , 3
#> 
#>           [,1]       [,2]      [,3]       [,4]
#> [1,] 2.2745095  0.4806002  1.205143  1.1409139
#> [2,] 0.4806002  9.7799867 -6.404531 -0.7761091
#> [3,] 1.2051432 -6.4045309 16.523811 13.3072364
#> [4,] 1.1409139 -0.7761091 13.307236 14.0362521
#> 
#> , , 4
#> 
#>             [,1]        [,2]       [,3]       [,4]
#> [1,]  0.47448199 -0.06019078  0.2329835  0.1409905
#> [2,] -0.06019078  6.65366512 -4.4179126 -0.5566869
#> [3,]  0.23298353 -4.41791263 10.3432023  8.1195494
#> [4,]  0.14099050 -0.55668688  8.1195494  8.3283511
#> 
#> , , 5
#> 
#>             [,1]        [,2]        [,3]        [,4]
#> [1,]  0.14325699 -0.06466572  0.09637362  0.04826135
#> [2,] -0.06466572  4.13743292 -2.77391952 -0.28964413
#> [3,]  0.09637362 -2.77391952  7.60920728  6.21770238
#> [4,]  0.04826135 -0.28964413  6.21770238  6.40672307
#> 
#> 
#> $nu
#>          [,1]
#> [1,] 5.100002
#> [2,] 5.099995
#> [3,] 5.099989
#> [4,] 5.099985
#> [5,] 5.099981
#> 
#> $m
#>             [,1]
#> [1,]  1.10232915
#> [2,]  0.29559884
#> [3,]  0.77210753
#> [4,] -0.06786243
#> [5,]  1.56144793
#> 
#> $w
#>            [,1]
#> [1,]   34.78241
#> [2,] 1274.32615
#> [3,]   26.97733
#> [4,]  211.41338
#> [5,]   50.31020
#> 
#> $s
#>           [,1]
#> [1,] 0.6099258
#> [2,] 1.0392189
#> [3,] 2.4099823
#> [4,] 1.4288851
#> [5,] 0.7023522
#> 
#> $scale
#>             [,1]
#> [1,] 0.002322526
#> [2,] 0.002322526
#> [3,] 0.002717913
#> [4,] 0.003086570
#> [5,] 0.003442258
#> 
#> $Y
#>        [,1]       
#>   [1,] numeric,700
#>   [2,] numeric,700
#>   [3,] numeric,700
#>   [4,] numeric,700
#>   [5,] numeric,700
#>   [6,] numeric,700
#>   [7,] numeric,700
#>   [8,] numeric,700
#>   [9,] numeric,700
#>  [10,] numeric,700
#>  [11,] numeric,700
#>  [12,] numeric,700
#>  [13,] numeric,700
#>  [14,] numeric,700
#>  [15,] numeric,700
#>  [16,] numeric,700
#>  [17,] numeric,700
#>  [18,] numeric,700
#>  [19,] numeric,700
#>  [20,] numeric,700
#>  [21,] numeric,700
#>  [22,] numeric,700
#>  [23,] numeric,700
#>  [24,] numeric,700
#>  [25,] numeric,700
#>  [26,] numeric,700
#>  [27,] numeric,700
#>  [28,] numeric,700
#>  [29,] numeric,700
#>  [30,] numeric,700
#>  [31,] numeric,700
#>  [32,] numeric,700
#>  [33,] numeric,700
#>  [34,] numeric,700
#>  [35,] numeric,700
#>  [36,] numeric,700
#>  [37,] numeric,700
#>  [38,] numeric,700
#>  [39,] numeric,700
#>  [40,] numeric,700
#>  [41,] numeric,700
#>  [42,] numeric,700
#>  [43,] numeric,700
#>  [44,] numeric,700
#>  [45,] numeric,700
#>  [46,] numeric,700
#>  [47,] numeric,700
#>  [48,] numeric,700
#>  [49,] numeric,700
#>  [50,] numeric,700
#>  [51,] numeric,700
#>  [52,] numeric,700
#>  [53,] numeric,700
#>  [54,] numeric,700
#>  [55,] numeric,700
#>  [56,] numeric,700
#>  [57,] numeric,700
#>  [58,] numeric,700
#>  [59,] numeric,700
#>  [60,] numeric,700
#>  [61,] numeric,700
#>  [62,] numeric,700
#>  [63,] numeric,700
#>  [64,] numeric,700
#>  [65,] numeric,700
#>  [66,] numeric,700
#>  [67,] numeric,700
#>  [68,] numeric,700
#>  [69,] numeric,700
#>  [70,] numeric,700
#>  [71,] numeric,700
#>  [72,] numeric,700
#>  [73,] numeric,700
#>  [74,] numeric,700
#>  [75,] numeric,700
#>  [76,] numeric,700
#>  [77,] numeric,700
#>  [78,] numeric,700
#>  [79,] numeric,700
#>  [80,] numeric,700
#>  [81,] numeric,700
#>  [82,] numeric,700
#>  [83,] numeric,700
#>  [84,] numeric,700
#>  [85,] numeric,700
#>  [86,] numeric,700
#>  [87,] numeric,700
#>  [88,] numeric,700
#>  [89,] numeric,700
#>  [90,] numeric,700
#>  [91,] numeric,700
#>  [92,] numeric,700
#>  [93,] numeric,700
#>  [94,] numeric,700
#>  [95,] numeric,700
#>  [96,] numeric,700
#>  [97,] numeric,700
#>  [98,] numeric,700
#>  [99,] numeric,700
#> [100,] numeric,700
#> [101,] numeric,700
#> [102,] numeric,700
#> [103,] numeric,700
#> [104,] numeric,700
#> [105,] numeric,700
#> [106,] numeric,700
#> [107,] numeric,700
#> [108,] numeric,700
#> [109,] numeric,700
#> [110,] numeric,700
#> [111,] numeric,700
#> [112,] numeric,700
#> [113,] numeric,700
#> [114,] numeric,700
#> [115,] numeric,700
#> [116,] numeric,700
#> [117,] numeric,700
#> [118,] numeric,700
#> [119,] numeric,700
#> [120,] numeric,700
#> [121,] numeric,700
#> [122,] numeric,700
#> [123,] numeric,700
#> [124,] numeric,700
#> [125,] numeric,700
#> [126,] numeric,700
#> [127,] numeric,700
#> [128,] numeric,700
#> [129,] numeric,700
#> [130,] numeric,700
#> [131,] numeric,700
#> [132,] numeric,700
#> [133,] numeric,700
#> [134,] numeric,700
#> [135,] numeric,700
#> [136,] numeric,700
#> [137,] numeric,700
#> [138,] numeric,700
#> [139,] numeric,700
#> [140,] numeric,700
#> [141,] numeric,700
#> [142,] numeric,700
#> [143,] numeric,700
#> [144,] numeric,700
#> [145,] numeric,700
#> [146,] numeric,700
#> [147,] numeric,700
#> [148,] numeric,700
#> [149,] numeric,700
#> [150,] numeric,700
#> [151,] numeric,700
#> [152,] numeric,700
#> [153,] numeric,700
#> [154,] numeric,700
#> [155,] numeric,700
#> [156,] numeric,700
#> [157,] numeric,700
#> [158,] numeric,700
#> [159,] numeric,700
#> [160,] numeric,700
#> [161,] numeric,700
#> [162,] numeric,700
#> [163,] numeric,700
#> [164,] numeric,700
#> [165,] numeric,700
#> [166,] numeric,700
#> [167,] numeric,700
#> [168,] numeric,700
#> [169,] numeric,700
#> [170,] numeric,700
#> [171,] numeric,700
#> [172,] numeric,700
#> [173,] numeric,700
#> [174,] numeric,700
#> [175,] numeric,700
#> [176,] numeric,700
#> [177,] numeric,700
#> [178,] numeric,700
#> [179,] numeric,700
#> [180,] numeric,700
#> [181,] numeric,700
#> [182,] numeric,700
#> [183,] numeric,700
#> [184,] numeric,700
#> [185,] numeric,700
#> [186,] numeric,700
#> [187,] numeric,700
#> [188,] numeric,700
#> [189,] numeric,700
#> 
#> $Sigma_c
#> , , 1, 1
#> 
#>             [,1]        [,2]        [,3]        [,4]
#> [1,]  0.45778384  0.35159635 -0.03329366  0.07987554
#> [2,]  0.35159635  0.80784803 -0.34354104 -0.08522705
#> [3,] -0.03329366 -0.34354104  0.59225085  0.48320805
#> [4,]  0.07987554 -0.08522705  0.48320805  0.55569758
#> 
#> , , 2, 1
#> 
#>             [,1]        [,2]       [,3]       [,4]
#> [1,]  0.26173151 -0.09814559  0.2059720 0.07047399
#> [2,] -0.09814559  0.48349619 -0.2266368 0.12992489
#> [3,]  0.20597200 -0.22663676  0.6608958 0.48708072
#> [4,]  0.07047399  0.12992489  0.4870807 0.67177739
#> 
#> , , 3, 1
#> 
#>            [,1]        [,2]       [,3]      [,4]
#> [1,] 0.40613185  0.06456575  0.3704406 0.2341709
#> [2,] 0.06456575 11.81861602 -6.7896923 0.5256573
#> [3,] 0.37044061 -6.78969233  6.3423720 2.3037413
#> [4,] 0.23417086  0.52565733  2.3037413 3.0723044
#> 
#> , , 4, 1
#> 
#>            [,1]        [,2]       [,3]       [,4]
#> [1,] 0.23905614  0.01334059  0.2593946  0.2196692
#> [2,] 0.01334059  0.41359367 -0.5160551 -0.2578490
#> [3,] 0.25939455 -0.51605512  1.2516486  0.9079287
#> [4,] 0.21966920 -0.25784897  0.9079287  0.7967288
#> 
#> , , 5, 1
#> 
#>           [,1]       [,2]      [,3]       [,4]
#> [1,] 0.4233343  0.2953775  0.278167  0.3802307
#> [2,] 0.2953775  4.2441128 -2.927549 -0.4581843
#> [3,] 0.2781670 -2.9275486  3.710554  2.0297576
#> [4,] 0.3802307 -0.4581843  2.029758  1.8601699
#> 
#> , , 6, 1
#> 
#>            [,1]       [,2]        [,3]       [,4]
#> [1,] 0.44058732  0.2401499  0.07068743 0.09551123
#> [2,] 0.24014993  2.7087835 -0.92603162 0.65893343
#> [3,] 0.07068743 -0.9260316  1.24954634 0.63321921
#> [4,] 0.09551123  0.6589334  0.63321921 1.03867551
#> 
#> , , 7, 1
#> 
#>            [,1]       [,2]        [,3]      [,4]
#> [1,] 0.22870805  0.3513521  0.07639882 0.2840412
#> [2,] 0.35135206  1.6215795 -0.65190636 0.3274112
#> [3,] 0.07639882 -0.6519064  0.79388667 0.4320135
#> [4,] 0.28404124  0.3274112  0.43201347 0.7321237
#> 
#> , , 8, 1
#> 
#>             [,1]        [,2]       [,3]        [,4]
#> [1,]  0.21422078 -0.02599611  0.1915322  0.15893992
#> [2,] -0.02599611  0.29354829 -0.2442061 -0.06581832
#> [3,]  0.19153216 -0.24420607  0.6120334  0.46269370
#> [4,]  0.15893992 -0.06581832  0.4626937  0.50136172
#> 
#> , , 9, 1
#> 
#>             [,1]        [,2]        [,3]        [,4]
#> [1,]  0.77237112  0.05328216  0.06635727 -0.11140551
#> [2,]  0.05328216  0.76372170 -0.52653923  0.01476625
#> [3,]  0.06635727 -0.52653923  1.31958860  0.89033458
#> [4,] -0.11140551  0.01476625  0.89033458  0.98447697
#> 
#> , , 10, 1
#> 
#>             [,1]        [,2]       [,3]       [,4]
#> [1,]  0.37424212 -0.09299706  0.2000575 0.07268115
#> [2,] -0.09299706  0.77317182 -0.4255506 0.14280859
#> [3,]  0.20005752 -0.42555062  0.6613897 0.36116223
#> [4,]  0.07268115  0.14280859  0.3611622 0.57118054
#> 
#> , , 11, 1
#> 
#>           [,1]       [,2]       [,3]      [,4]
#> [1,] 0.3984541  0.3578734  0.0792107 0.2115059
#> [2,] 0.3578734  0.9334882 -0.2807630 0.1829442
#> [3,] 0.0792107 -0.2807630  0.5217607 0.4120724
#> [4,] 0.2115059  0.1829442  0.4120724 0.5950362
#> 
#> , , 12, 1
#> 
#>           [,1]        [,2]        [,3]      [,4]
#> [1,] 0.1762419  0.10796274  0.16644642 0.2088832
#> [2,] 0.1079627  0.24797327 -0.01421747 0.1517249
#> [3,] 0.1664464 -0.01421747  0.57127014 0.5286165
#> [4,] 0.2088832  0.15172493  0.52861649 0.7120861
#> 
#> , , 13, 1
#> 
#>            [,1]        [,2]       [,3]        [,4]
#> [1,]  0.6568223  0.15837020 -0.1935739 -0.19298543
#> [2,]  0.1583702  0.30380346 -0.1936209  0.01726293
#> [3,] -0.1935739 -0.19362091  0.5424209  0.43913732
#> [4,] -0.1929854  0.01726293  0.4391373  0.57833832
#> 
#> , , 14, 1
#> 
#>            [,1]        [,2]        [,3]      [,4]
#> [1,] 0.21821784  0.09724238  0.09529217 0.1212127
#> [2,] 0.09724238  0.34802370 -0.10500854 0.0773333
#> [3,] 0.09529217 -0.10500854  0.41584487 0.3168680
#> [4,] 0.12121268  0.07733330  0.31686804 0.3856074
#> 
#> , , 15, 1
#> 
#>           [,1]       [,2]       [,3]       [,4]
#> [1,] 0.4116051  0.4104896  0.2247693  0.3538396
#> [2,] 0.4104896  3.5559041 -2.2330914 -0.5320010
#> [3,] 0.2247693 -2.2330914  2.6459549  1.5135224
#> [4,] 0.3538396 -0.5320010  1.5135224  1.2888240
#> 
#> , , 16, 1
#> 
#>            [,1]        [,2]        [,3]        [,4]
#> [1,] 0.36575400  0.05136628  0.30899241  0.27788660
#> [2,] 0.05136628  0.06964344 -0.02910002 -0.00734894
#> [3,] 0.30899241 -0.02910002  1.15952235  1.04998671
#> [4,] 0.27788660 -0.00734894  1.04998671  1.00612524
#> 
#> , , 17, 1
#> 
#>            [,1]       [,2]        [,3]       [,4]
#> [1,] 0.18245327  0.2523170  0.05823714  0.2177316
#> [2,] 0.25231697  5.2570808 -4.25702095 -0.5338979
#> [3,] 0.05823714 -4.2570209  5.14459730  2.2767981
#> [4,] 0.21773162 -0.5338979  2.27679807  2.1480215
#> 
#> , , 18, 1
#> 
#>            [,1]       [,2]       [,3]       [,4]
#> [1,]  0.5647909 -0.1525683  0.1531748 -0.1262454
#> [2,] -0.1525683  2.9234563 -1.6986974 -0.1156838
#> [3,]  0.1531748 -1.6986974  1.3660698  0.4705532
#> [4,] -0.1262454 -0.1156838  0.4705532  0.5975704
#> 
#> , , 19, 1
#> 
#>           [,1]       [,2]       [,3]      [,4]
#> [1,] 0.2434711  0.0820010  0.1566113 0.1616220
#> [2,] 0.0820010  5.8433527 -3.2126679 0.2852005
#> [3,] 0.1566113 -3.2126679  2.1095626 0.1707948
#> [4,] 0.1616220  0.2852005  0.1707948 0.3883162
#> 
#> , , 20, 1
#> 
#>            [,1]       [,2]      [,3]      [,4]
#> [1,]  0.6577702 -0.2459145  1.448259  1.301978
#> [2,] -0.2459145  2.2686604 -2.356516 -1.146501
#> [3,]  1.4482592 -2.3565155  9.100544  8.287689
#> [4,]  1.3019782 -1.1465010  8.287689  8.234802
#> 
#> , , 21, 1
#> 
#>           [,1]       [,2]       [,3]      [,4]
#> [1,] 0.3451593  0.0974633  0.1139042 0.1265506
#> [2,] 0.0974633  0.9507454 -0.5768235 0.1288938
#> [3,] 0.1139042 -0.5768235  1.5998452 1.2037907
#> [4,] 0.1265506  0.1288938  1.2037907 1.4550856
#> 
#> , , 22, 1
#> 
#>           [,1]       [,2]       [,3]      [,4]
#> [1,] 0.3973546  0.1266404  0.2010547 0.2052088
#> [2,] 0.1266404  1.1675530 -0.5208529 0.3110949
#> [3,] 0.2010547 -0.5208529  1.4606297 1.2061238
#> [4,] 0.2052088  0.3110949  1.2061238 1.6626104
#> 
#> , , 23, 1
#> 
#>            [,1]        [,2]      [,3]        [,4]
#> [1,] 0.21481934  0.03520584  0.123669  0.08120378
#> [2,] 0.03520584  2.74841706 -2.768546 -1.14034527
#> [3,] 0.12366902 -2.76854551  3.729671  2.12847184
#> [4,] 0.08120378 -1.14034527  2.128472  1.57647436
#> 
#> , , 24, 1
#> 
#>            [,1]        [,2]        [,3]       [,4]
#> [1,] 0.18482208  0.07195966  0.01727508 0.03701594
#> [2,] 0.07195966  0.69788387 -0.44339207 0.04233512
#> [3,] 0.01727508 -0.44339207  0.64184839 0.36962598
#> [4,] 0.03701594  0.04233512  0.36962598 0.53036615
#> 
#> , , 25, 1
#> 
#>           [,1]       [,2]       [,3]      [,4]
#> [1,] 0.7236175  0.1539011  0.1646324 0.2405543
#> [2,] 0.1539011  0.9362680 -0.4781212 0.1517951
#> [3,] 0.1646324 -0.4781212  2.5074195 2.1151599
#> [4,] 0.2405543  0.1517951  2.1151599 2.2175787
#> 
#> , , 26, 1
#> 
#>             [,1]        [,2]       [,3]       [,4]
#> [1,]  0.25278905 -0.07824364  0.2540187 0.09906588
#> [2,] -0.07824364  2.39996226 -1.3922754 0.18266575
#> [3,]  0.25401867 -1.39227537  1.4450943 0.55711193
#> [4,]  0.09906588  0.18266575  0.5571119 0.86958397
#> 
#> , , 27, 1
#> 
#>            [,1]        [,2]        [,3]      [,4]
#> [1,] 0.09435721 0.045972116 0.130456621 0.1307948
#> [2,] 0.04597212 0.120588030 0.009375065 0.0490931
#> [3,] 0.13045662 0.009375065 0.371019505 0.3844825
#> [4,] 0.13079476 0.049093102 0.384482466 0.4941791
#> 
#> , , 28, 1
#> 
#>             [,1]         [,2]       [,3]        [,4]
#> [1,]  0.26455649 -0.051749443  0.2069428 0.155077250
#> [2,] -0.05174944  2.093103167 -1.5084632 0.008483203
#> [3,]  0.20694282 -1.508463197  1.4707658 0.368007922
#> [4,]  0.15507725  0.008483203  0.3680079 0.432713273
#> 
#> , , 29, 1
#> 
#>            [,1]        [,2]       [,3]      [,4]
#> [1,] 0.18398601  0.05097493  0.1655639 0.1502149
#> [2,] 0.05097493  0.47980040 -0.2401191 0.0397218
#> [3,] 0.16556386 -0.24011907  0.5586121 0.3963226
#> [4,] 0.15021490  0.03972180  0.3963226 0.4643544
#> 
#> , , 30, 1
#> 
#>            [,1]        [,2]       [,3]      [,4]
#> [1,] 0.29624757  0.05678128  0.2138978 0.2188152
#> [2,] 0.05678128  0.34464448 -0.1206108 0.0733614
#> [3,] 0.21389783 -0.12061077  0.7511299 0.6482481
#> [4,] 0.21881517  0.07336140  0.6482481 0.7186113
#> 
#> , , 31, 1
#> 
#>             [,1]       [,2]        [,3]        [,4]
#> [1,]  0.51243962  0.4165995 -0.05592484  0.06447323
#> [2,]  0.41659951  2.1601139 -2.58858344 -1.70570502
#> [3,] -0.05592484 -2.5885834  4.63725924  3.66426137
#> [4,]  0.06447323 -1.7057050  3.66426137  3.13751838
#> 
#> , , 32, 1
#> 
#>            [,1]         [,2]       [,3]         [,4]
#> [1,] 0.46712057  0.071344117  0.1455376  0.190781514
#> [2,] 0.07134412  0.214884598 -0.1432310 -0.004649171
#> [3,] 0.14553756 -0.143231022  0.7113918  0.626673861
#> [4,] 0.19078151 -0.004649171  0.6266739  0.683928659
#> 
#> , , 33, 1
#> 
#>            [,1]        [,2]        [,3]       [,4]
#> [1,] 0.08713868  0.01911245  0.09131254 0.07832019
#> [2,] 0.01911245  0.92364230 -0.19310235 0.32948698
#> [3,] 0.09131254 -0.19310235  0.41800987 0.28129608
#> [4,] 0.07832019  0.32948698  0.28129608 0.49900661
#> 
#> , , 34, 1
#> 
#>             [,1]        [,2]        [,3]        [,4]
#> [1,]  0.56321620  0.03864012  0.06811748 -0.05324755
#> [2,]  0.03864012  0.42489909 -0.23041651  0.09160048
#> [3,]  0.06811748 -0.23041651  0.60585926  0.43853767
#> [4,] -0.05324755  0.09160048  0.43853767  0.61693693
#> 
#> , , 35, 1
#> 
#>              [,1]        [,2]       [,3]         [,4]
#> [1,]  0.421762341  0.23958211 -0.1166411 -0.003925966
#> [2,]  0.239582112  0.21965907 -0.1873219 -0.077280479
#> [3,] -0.116641122 -0.18732185  0.5996884  0.519353557
#> [4,] -0.003925966 -0.07728048  0.5193536  0.557830142
#> 
#> , , 36, 1
#> 
#>             [,1]        [,2]        [,3]        [,4]
#> [1,]  0.12167531  0.07681743 -0.01708583 -0.01051536
#> [2,]  0.07681743  0.26697075 -0.21121529 -0.09652696
#> [3,] -0.01708583 -0.21121529  0.59104241  0.60036271
#> [4,] -0.01051536 -0.09652696  0.60036271  0.76260446
#> 
#> , , 37, 1
#> 
#>           [,1]       [,2]       [,3]      [,4]
#> [1,] 0.5794762  0.3862160  0.1769434 0.2867159
#> [2,] 0.3862160  3.4111098 -2.0182042 0.2113092
#> [3,] 0.1769434 -2.0182042  2.3773451 1.0094525
#> [4,] 0.2867159  0.2113092  1.0094525 1.2415641
#> 
#> , , 38, 1
#> 
#>             [,1]         [,2]        [,3]        [,4]
#> [1,] 0.471103687  0.120069330  0.03884033 0.008259455
#> [2,] 0.120069330  0.123776840 -0.02051562 0.009811577
#> [3,] 0.038840326 -0.020515623  0.34444043 0.339939412
#> [4,] 0.008259455  0.009811577  0.33993941 0.408616916
#> 
#> , , 39, 1
#> 
#>            [,1]       [,2]        [,3]       [,4]
#> [1,] 0.26236436  0.1324616  0.09910172  0.1090194
#> [2,] 0.13246156  1.5449463 -1.16361879 -0.4742331
#> [3,] 0.09910172 -1.1636188  2.50561415  2.1321017
#> [4,] 0.10901943 -0.4742331  2.13210166  2.1537694
#> 
#> , , 40, 1
#> 
#>            [,1]       [,2]       [,3]      [,4]
#> [1,]  0.3793602 -0.1104219  0.3981367 0.2181113
#> [2,] -0.1104219  2.4991941 -0.9757082 0.7156718
#> [3,]  0.3981367 -0.9757082  2.7069545 2.0692359
#> [4,]  0.2181113  0.7156718  2.0692359 2.6700094
#> 
#> , , 41, 1
#> 
#>            [,1]        [,2]        [,3]       [,4]
#> [1,] 0.12817119  0.09080224  0.05909852 0.06970669
#> [2,] 0.09080224  0.59789619 -0.32450874 0.00245233
#> [3,] 0.05909852 -0.32450874  0.75176367 0.51807846
#> [4,] 0.06970669  0.00245233  0.51807846 0.60137007
#> 
#> , , 42, 1
#> 
#>            [,1]        [,2]       [,3]      [,4]
#> [1,] 0.25367936  0.07449984  0.1595848 0.1668631
#> [2,] 0.07449984  2.09928948 -1.1675631 0.2189311
#> [3,] 0.15958483 -1.16756314  1.2006212 0.4492900
#> [4,] 0.16686311  0.21893114  0.4492900 0.6823584
#> 
#> , , 43, 1
#> 
#>            [,1]       [,2]        [,3]      [,4]
#> [1,] 0.25888955  0.1273257  0.06241414 0.1163913
#> [2,] 0.12732569  1.2722959 -0.60333087 0.1959979
#> [3,] 0.06241414 -0.6033309  0.56161206 0.1794014
#> [4,] 0.11639126  0.1959979  0.17940141 0.3640433
#> 
#> , , 44, 1
#> 
#>             [,1]        [,2]        [,3]        [,4]
#> [1,]  0.12849906  0.24804376 -0.03902274  0.06353287
#> [2,]  0.24804376  1.21656902 -0.67938204 -0.09539013
#> [3,] -0.03902274 -0.67938204  0.69157390  0.39112401
#> [4,]  0.06353287 -0.09539013  0.39112401  0.46405362
#> 
#> , , 45, 1
#> 
#>           [,1]      [,2]      [,3]      [,4]
#> [1,] 0.5299261 0.4657663 0.1877352 0.2533160
#> [2,] 0.4657663 0.7994896 0.2326907 0.4490808
#> [3,] 0.1877352 0.2326907 0.3461380 0.4290736
#> [4,] 0.2533160 0.4490808 0.4290736 0.6769391
#> 
#> , , 46, 1
#> 
#>            [,1]        [,2]        [,3]        [,4]
#> [1,] 0.32861312  0.11753224  0.03703934  0.03296398
#> [2,] 0.11753224  1.16604082 -0.71983527 -0.03025004
#> [3,] 0.03703934 -0.71983527  1.04281288  0.59419054
#> [4,] 0.03296398 -0.03025004  0.59419054  0.64538396
#> 
#> , , 47, 1
#> 
#>           [,1]        [,2]        [,3]      [,4]
#> [1,] 0.3505063  0.14461527  0.21209339 0.1609415
#> [2,] 0.1446153  0.45686737 -0.04766327 0.1116449
#> [3,] 0.2120934 -0.04766327  1.26642413 1.2699315
#> [4,] 0.1609415  0.11164493  1.26993151 1.4615193
#> 
#> , , 48, 1
#> 
#>           [,1]       [,2]       [,3]     [,4]
#> [1,] 0.8000999  0.9002291  0.8012165 1.153989
#> [2,] 0.9002291  7.1421565 -0.2620094 3.252017
#> [3,] 0.8012165 -0.2620094  1.9249091 1.869861
#> [4,] 1.1539886  3.2520167  1.8698605 3.643653
#> 
#> , , 49, 1
#> 
#>            [,1]        [,2]       [,3]       [,4]
#> [1,] 0.56701490  0.09856993  0.7509918 0.76325824
#> [2,] 0.09856993  0.50470258 -0.2512076 0.03249922
#> [3,] 0.75099180 -0.25120757  3.1183883 2.96148858
#> [4,] 0.76325824  0.03249922  2.9614886 3.01330109
#> 
#> , , 50, 1
#> 
#>            [,1]       [,2]       [,3]       [,4]
#> [1,]  0.4485373 -0.2637286  0.3913014  0.2208026
#> [2,] -0.2637286  1.1362311 -0.6693659 -0.1635696
#> [3,]  0.3913014 -0.6693659  1.2676842  1.0480700
#> [4,]  0.2208026 -0.1635696  1.0480700  1.1306668
#> 
#> , , 51, 1
#> 
#>              [,1]        [,2]         [,3]        [,4]
#> [1,]  0.199896769  0.13072321 -0.004853307  0.01943019
#> [2,]  0.130723206  0.15121612 -0.085710274 -0.02684980
#> [3,] -0.004853307 -0.08571027  0.299629193  0.27592180
#> [4,]  0.019430190 -0.02684980  0.275921801  0.37112155
#> 
#> , , 52, 1
#> 
#>           [,1]        [,2]        [,3]      [,4]
#> [1,] 0.5890216  0.43954228  0.24086228 0.3101517
#> [2,] 0.4395423  0.61037434 -0.05857727 0.1198163
#> [3,] 0.2408623 -0.05857727  0.55324039 0.4979085
#> [4,] 0.3101517  0.11981629  0.49790846 0.5944689
#> 
#> , , 53, 1
#> 
#>             [,1]      [,2]       [,3]       [,4]
#> [1,]  0.46869285 -0.239264  0.3967858 0.04639088
#> [2,] -0.23926404  5.746879 -2.9800582 0.25919699
#> [3,]  0.39678578 -2.980058  2.0969651 0.35174252
#> [4,]  0.04639088  0.259197  0.3517425 0.60607864
#> 
#> , , 54, 1
#> 
#>            [,1]        [,2]       [,3]        [,4]
#> [1,] 0.48408966  0.01429594  0.6145075  0.55081121
#> [2,] 0.01429594  3.07710165 -1.9511914 -0.05100235
#> [3,] 0.61450751 -1.95119137  2.8836604  1.62390932
#> [4,] 0.55081121 -0.05100235  1.6239093  1.63580520
#> 
#> , , 55, 1
#> 
#>            [,1]        [,2]        [,3]      [,4]
#> [1,] 0.61726315  0.12566246  0.05384473 0.1135060
#> [2,] 0.12566246  0.33230367 -0.04771193 0.2246698
#> [3,] 0.05384473 -0.04771193  0.70172601 0.7013892
#> [4,] 0.11350603  0.22466978  0.70138924 0.9989070
#> 
#> , , 56, 1
#> 
#>            [,1]       [,2]       [,3]       [,4]
#> [1,]  0.3627580 -0.3918615  0.7929835  0.4336448
#> [2,] -0.3918615  2.4505380 -2.0585427 -0.4322118
#> [3,]  0.7929835 -2.0585427  2.8511212  1.3745383
#> [4,]  0.4336448 -0.4322118  1.3745383  1.0790040
#> 
#> , , 57, 1
#> 
#>              [,1]        [,2]        [,3]         [,4]
#> [1,]  0.295634503  0.12414267 -0.04698186  0.005108725
#> [2,]  0.124142669  0.20385180 -0.12940734 -0.028788376
#> [3,] -0.046981863 -0.12940734  1.13553150  1.094112635
#> [4,]  0.005108725 -0.02878838  1.09411263  1.189210142
#> 
#> , , 58, 1
#> 
#>            [,1]        [,2]       [,3]      [,4]
#> [1,] 0.15478584  0.08080998  0.1620561 0.1836900
#> [2,] 0.08080998  1.11298709 -0.4282031 0.1366702
#> [3,] 0.16205610 -0.42820313  0.5376093 0.3203481
#> [4,] 0.18369001  0.13667020  0.3203481 0.4609889
#> 
#> , , 59, 1
#> 
#>            [,1]        [,2]       [,3]       [,4]
#> [1,] 0.14180015  0.05846341  0.1607133 0.15440578
#> [2,] 0.05846341  0.41766425 -0.1198320 0.08678154
#> [3,] 0.16071328 -0.11983203  0.6461341 0.65134444
#> [4,] 0.15440578  0.08678154  0.6513444 0.84999405
#> 
#> , , 60, 1
#> 
#>           [,1]        [,2]        [,3]     [,4]
#> [1,] 0.4003199  0.64349979  0.35883624 0.746701
#> [2,] 0.6434998  2.78468317 -0.01645823 1.761131
#> [3,] 0.3588362 -0.01645823  0.67660088 0.646407
#> [4,] 0.7467010  1.76113140  0.64640696 1.830006
#> 
#> , , 61, 1
#> 
#>             [,1]       [,2]        [,3]        [,4]
#> [1,]  0.38596044  0.0557160  0.06705474 -0.06168391
#> [2,]  0.05571600  3.5837395 -1.85126555  0.67805269
#> [3,]  0.06705474 -1.8512656  2.21042321  0.95800149
#> [4,] -0.06168391  0.6780527  0.95800149  1.65670582
#> 
#> , , 62, 1
#> 
#>             [,1]        [,2]       [,3]        [,4]
#> [1,]  0.72229537 -0.09142656  0.1123569 -0.01641185
#> [2,] -0.09142656  2.15306310 -0.3965334  1.16012097
#> [3,]  0.11235686 -0.39653338  0.9959714  0.63727006
#> [4,] -0.01641185  1.16012097  0.6372701  1.47881399
#> 
#> , , 63, 1
#> 
#>             [,1]        [,2]        [,3]        [,4]
#> [1,]  0.53316654  0.13315803 -0.06809652 -0.07063650
#> [2,]  0.13315803  0.13606718 -0.07752479 -0.03462047
#> [3,] -0.06809652 -0.07752479  0.52108433  0.44001115
#> [4,] -0.07063650 -0.03462047  0.44001115  0.46824796
#> 
#> , , 64, 1
#> 
#>           [,1]        [,2]        [,3]      [,4]
#> [1,] 0.2169020  0.12834466  0.23173576 0.2593471
#> [2,] 0.1283447  1.16012233 -0.06995493 0.4833382
#> [3,] 0.2317358 -0.06995493  0.44568188 0.3728425
#> [4,] 0.2593471  0.48333817  0.37284248 0.6403996
#> 
#> , , 65, 1
#> 
#>             [,1]         [,2]        [,3]        [,4]
#> [1,] 0.144691161  0.006414115  0.07645636  0.07700447
#> [2,] 0.006414115  0.131094140 -0.11035462 -0.05099650
#> [3,] 0.076456363 -0.110354625  0.41524901  0.36834093
#> [4,] 0.077004468 -0.050996504  0.36834093  0.41396936
#> 
#> , , 66, 1
#> 
#>              [,1]        [,2]        [,3]        [,4]
#> [1,]  0.289291869  0.03401771 -0.01448884 0.002466284
#> [2,]  0.034017712  0.10439093 -0.02705895 0.024191337
#> [3,] -0.014488836 -0.02705895  1.33296544 1.290968940
#> [4,]  0.002466284  0.02419134  1.29096894 1.346859636
#> 
#> , , 67, 1
#> 
#>            [,1]       [,2]       [,3]      [,4]
#> [1,]  0.2334359 -0.1038090  0.2814070 0.1301519
#> [2,] -0.1038090  4.6508949 -2.0959069 0.3991451
#> [3,]  0.2814070 -2.0959069  1.3846209 0.1874496
#> [4,]  0.1301519  0.3991451  0.1874496 0.4728001
#> 
#> , , 68, 1
#> 
#>           [,1]       [,2]       [,3]       [,4]
#> [1,] 0.4906176  0.1432877  0.3356665  0.4197224
#> [2,] 0.1432877  0.2149000 -0.3376986 -0.2189827
#> [3,] 0.3356665 -0.3376986  4.3608872  4.1650283
#> [4,] 0.4197224 -0.2189827  4.1650283  4.1208584
#> 
#> , , 69, 1
#> 
#>           [,1]       [,2]       [,3]       [,4]
#> [1,] 0.6779715  0.0341988  0.4789582  0.4122562
#> [2,] 0.0341988  3.0324067 -2.0687522 -0.2304438
#> [3,] 0.4789582 -2.0687522  3.5925781  2.5177607
#> [4,] 0.4122562 -0.2304438  2.5177607  2.6773244
#> 
#> , , 70, 1
#> 
#>            [,1]       [,2]        [,3]       [,4]
#> [1,] 0.71902422  0.4833390  0.06911364  0.1472071
#> [2,] 0.48333902  0.6680304 -0.33017625 -0.1216346
#> [3,] 0.06911364 -0.3301763  1.03598076  0.9002335
#> [4,] 0.14720706 -0.1216346  0.90023350  0.8952311
#> 
#> , , 71, 1
#> 
#>           [,1]        [,2]       [,3]       [,4]
#> [1,] 0.6848837  0.15851833  0.2920814 0.36358700
#> [2,] 0.1585183  1.30239766 -0.7610661 0.01340662
#> [3,] 0.2920814 -0.76106609  1.1584558 0.66800856
#> [4,] 0.3635870  0.01340662  0.6680086 0.73581832
#> 
#> , , 72, 1
#> 
#>            [,1]        [,2]        [,3]        [,4]
#> [1,] 0.30915469  0.12082848  0.06903861  0.07418048
#> [2,] 0.12082848  2.34220887 -1.58857077 -0.01627457
#> [3,] 0.06903861 -1.58857077  3.70437855  2.72250169
#> [4,] 0.07418048 -0.01627457  2.72250169  2.92576060
#> 
#> , , 73, 1
#> 
#>            [,1]       [,2]       [,3]      [,4]
#> [1,]  0.5127102 -0.2921707  0.4278349 0.1091223
#> [2,] -0.2921707  2.6410657 -1.2778120 0.2807416
#> [3,]  0.4278349 -1.2778120  1.2403897 0.4610541
#> [4,]  0.1091223  0.2807416  0.4610541 0.7022322
#> 
#> , , 74, 1
#> 
#>            [,1]        [,2]       [,3]      [,4]
#> [1,] 0.14689066  0.08155218  0.1296590 0.1182640
#> [2,] 0.08155218  0.57592918 -0.1892549 0.1910213
#> [3,] 0.12965896 -0.18925486  0.6282976 0.4819235
#> [4,] 0.11826403  0.19102127  0.4819235 0.6825336
#> 
#> , , 75, 1
#> 
#>              [,1]       [,2]        [,3]         [,4]
#> [1,]  0.570689223  0.3108155 -0.09567537  0.001240294
#> [2,]  0.310815499  1.1258837 -0.67977010 -0.199406949
#> [3,] -0.095675372 -0.6797701  0.82504476  0.562019918
#> [4,]  0.001240294 -0.1994069  0.56201992  0.602093773
#> 
#> , , 76, 1
#> 
#>           [,1]       [,2]       [,3]      [,4]
#> [1,] 0.2223528  0.1222981  0.2059300 0.3045153
#> [2,] 0.1222981  0.8469820 -0.1772858 0.3757944
#> [3,] 0.2059300 -0.1772858  0.6774435 0.5901869
#> [4,] 0.3045153  0.3757944  0.5901869 0.9534853
#> 
#> , , 77, 1
#> 
#>             [,1]        [,2]       [,3]        [,4]
#> [1,]  0.57034868 -0.07163972  0.3331292  0.19277881
#> [2,] -0.07163972  0.78279074 -0.5123533 -0.05399564
#> [3,]  0.33312919 -0.51235329  1.0567991  0.71782853
#> [4,]  0.19277881 -0.05399564  0.7178285  0.72748066
#> 
#> , , 78, 1
#> 
#>             [,1]        [,2]      [,3]       [,4]
#> [1,]  0.20674009 -0.02913953  0.165796  0.1112924
#> [2,] -0.02913953  2.47589343 -1.618311 -0.1568985
#> [3,]  0.16579602 -1.61831059  2.028029  1.0084523
#> [4,]  0.11129241 -0.15689852  1.008452  0.9427364
#> 
#> , , 79, 1
#> 
#>            [,1]       [,2]       [,3]      [,4]
#> [1,]  0.5238705 -0.2034173  0.2994727 0.1562471
#> [2,] -0.2034173  1.2530055 -0.2065021 0.4878452
#> [3,]  0.2994727 -0.2065021  0.8903234 0.8494121
#> [4,]  0.1562471  0.4878452  0.8494121 1.2661833
#> 
#> , , 80, 1
#> 
#>            [,1]       [,2]        [,3]      [,4]
#> [1,] 0.33221860  0.1928236  0.04909891 0.1069510
#> [2,] 0.19282361  1.4070736 -0.36588076 0.2558956
#> [3,] 0.04909891 -0.3658808  0.70120149 0.6399248
#> [4,] 0.10695098  0.2558956  0.63992481 0.9389572
#> 
#> , , 81, 1
#> 
#>            [,1]       [,2]        [,3]       [,4]
#> [1,] 0.15217538  0.2109466  0.04306431  0.1538797
#> [2,] 0.21094657  1.4738328 -1.24405677 -0.2242384
#> [3,] 0.04306431 -1.2440568  2.88633449  2.0714723
#> [4,] 0.15387973 -0.2242384  2.07147235  2.0882431
#> 
#> , , 82, 1
#> 
#>           [,1]        [,2]       [,3]       [,4]
#> [1,] 0.1870025  0.21589218  0.1682495 0.28679150
#> [2,] 0.2158922  1.33252081 -0.7638422 0.08944585
#> [3,] 0.1682495 -0.76384224  1.3381586 0.83423454
#> [4,] 0.2867915  0.08944585  0.8342345 0.94315729
#> 
#> , , 83, 1
#> 
#>           [,1]       [,2]       [,3]      [,4]
#> [1,] 0.1862184  0.1929045  0.1880313 0.2531311
#> [2,] 0.1929045  1.2206564 -0.4458886 0.1282722
#> [3,] 0.1880313 -0.4458886  0.9893600 0.7722466
#> [4,] 0.2531311  0.1282722  0.7722466 0.9181343
#> 
#> , , 84, 1
#> 
#>           [,1]       [,2]       [,3]       [,4]
#> [1,] 0.4923891  0.2878993  0.1825407  0.2837295
#> [2,] 0.2878993  1.2123478 -1.0452444 -0.3807262
#> [3,] 0.1825407 -1.0452444  2.4234706  1.8833990
#> [4,] 0.2837295 -0.3807262  1.8833990  1.7993937
#> 
#> , , 85, 1
#> 
#>            [,1]        [,2]       [,3]       [,4]
#> [1,]  0.6374382 -0.15090885  0.2657031 0.19321989
#> [2,] -0.1509089  1.30598947 -0.4796099 0.04398136
#> [3,]  0.2657031 -0.47960989  1.0529303 0.92343735
#> [4,]  0.1932199  0.04398136  0.9234374 1.06388578
#> 
#> , , 86, 1
#> 
#>             [,1]       [,2]       [,3]        [,4]
#> [1,]  0.28194173  0.1639259 -0.0637046 -0.01909294
#> [2,]  0.16392586  0.5255966 -0.4119924 -0.15685307
#> [3,] -0.06370460 -0.4119924  0.5183695  0.32475450
#> [4,] -0.01909294 -0.1568531  0.3247545  0.32018128
#> 
#> , , 87, 1
#> 
#>            [,1]       [,2]       [,3]      [,4]
#> [1,]  0.2511063 -0.2037797  0.2337980 0.0587284
#> [2,] -0.2037797  1.4633099 -0.8251210 0.1926539
#> [3,]  0.2337980 -0.8251210  0.8223396 0.2577498
#> [4,]  0.0587284  0.1926539  0.2577498 0.4825128
#> 
#> , , 88, 1
#> 
#>             [,1]       [,2]        [,3]        [,4]
#> [1,]  0.21197435  0.1954849 -0.02715061  0.03379824
#> [2,]  0.19548493  0.3013468 -0.28701063 -0.13974609
#> [3,] -0.02715061 -0.2870106  0.91099477  0.71964649
#> [4,]  0.03379824 -0.1397461  0.71964649  0.71479572
#> 
#> , , 89, 1
#> 
#>           [,1]       [,2]       [,3]       [,4]
#> [1,] 0.3085007  0.1296060  0.2188445  0.2475360
#> [2,] 0.1296060  0.6785163 -0.9048704 -0.5915995
#> [3,] 0.2188445 -0.9048704  4.0173874  3.6613475
#> [4,] 0.2475360 -0.5915995  3.6613475  3.5336795
#> 
#> , , 90, 1
#> 
